vec =
    0    1    2    3    4    5    6    7    8    9   10
vec2in2 =
    0    2    4    6    8   10
>> tests
x =  5
vec =
    0    1    2    3    4    5    6    7    8    9   10
vec2in2 =
    0    2    4    6    8   10
w =
   10    7    4    1   -2   -5   -8
>> tests
x =  5
vec =
    0    1    2    3    4    5    6    7    8    9   10
vec2in2 =
    0    2    4    6    8   10
w =
   10    7    4    1   -2   -5   -8
z =
 Columns 1 through 11:
    10.000    14.737    19.474    24.211    28.947    33.684    38.421    43.158    47.895    52.632    57.368
 Columns 12 through 20:
    62.105    66.842    71.579    76.316    81.053    85.789    90.526    95.263   100.000
>> tests
x =  5
vec =
    0    1    2    3    4    5    6    7    8    9   10
vec2in2 =
    0    2    4    6    8   10
w =
   10    7    4    1   -2   -5   -8
z =
 Columns 1 through 11:
    10.000    14.737    19.474    24.211    28.947    33.684    38.421    43.158    47.895    52.632    57.368
 Columns 12 through 20:
    62.105    66.842    71.579    76.316    81.053    85.789    90.526    95.263   100.000
vec =
    0    1    2    3    4    5    6    7    8    9   10
vec2in2 =
    0    2    4    6    8   10
w =
   10    7    4    1   -2   -5   -8
z =
 Columns 1 through 11:
    10.000    14.737    19.474    24.211    28.947    33.684    38.421    43.158    47.895    52.632    57.368
 Columns 12 through 20:
    62.105    66.842    71.579    76.316    81.053    85.789    90.526    95.263   100.000
vec =
    0    1    2    3    4    5    6    7    8    9   10
vec2in2 =
    0    2    4    6    8   10
w =
   10    7    4    1   -2   -5   -8
